3 1 2 4 5 6 7 8 9
4 5 6 7 8 9 3 1 2
7 8 9 3 1 2 4 5 6
2 4 5 6 7 8 9 3 1
6 7 8 9 3 1 2 4 5
9 3 1 2 4 5 6 7 8
1 2 4 5 6 7 8 9 3
5 6 7 8 9 3 1 2 4
8 9 3 1 2 4 5 6 7

3 1 2 4 5 6 7 8 9
4 5 6 7 8 9 3 1 2
7 8 9 3 1 2 4 5 6
2 4 5 6 7 8 9 3 1
6 7 8 9 3 1 2 4 5
9 3 1 2 4 5 6 7 8
1 2 4 5 6 7 8 9 3
8 9 3 1 2 4 5 6 7
5 6 7 8 9 3 1 2 4

3 1 2 4 5 6 7 8 9
4 5 6 7 8 9 3 1 2
7 8 9 3 1 2 4 5 6
2 4 5 6 7 8 9 3 1
6 7 8 9 3 1 2 4 5
9 3 1 2 4 5 6 7 8
5 6 7 8 9 3 1 2 4
1 2 4 5 6 7 8 9 3
8 9 3 1 2 4 5 6 7

3 1 2 4 5 6 7 8 9
4 5 6 7 8 9 3 1 2
7 8 9 3 1 2 4 5 6
2 4 5 6 7 8 9 3 1
6 7 8 9 3 1 2 4 5
9 3 1 2 4 5 6 7 8
5 6 7 8 9 3 1 2 4
8 9 3 1 2 4 5 6 7
1 2 4 5 6 7 8 9 3

3 1 2 4 5 6 7 8 9
4 5 6 7 8 9 3 1 2
7 8 9 3 1 2 4 5 6
2 4 5 6 7 8 9 3 1
6 7 8 9 3 1 2 4 5
9 3 1 2 4 5 6 7 8
8 9 3 1 2 4 5 6 7
1 2 4 5 6 7 8 9 3
5 6 7 8 9 3 1 2 4

3 1 2 4 5 6 7 8 9
4 5 6 7 8 9 3 1 2
7 8 9 3 1 2 4 5 6
2 4 5 6 7 8 9 3 1
6 7 8 9 3 1 2 4 5
9 3 1 2 4 5 6 7 8
8 9 3 1 2 4 5 6 7
5 6 7 8 9 3 1 2 4
1 2 4 5 6 7 8 9 3

3 1 2 4 5 6 7 8 9
4 5 6 7 8 9 3 1 2
7 8 9 3 1 2 4 5 6
2 4 5 6 7 8 9 3 1
9 3 1 2 4 5 6 7 8
6 7 8 9 3 1 2 4 5
1 2 4 5 6 7 8 9 3
5 6 7 8 9 3 1 2 4
8 9 3 1 2 4 5 6 7

3 1 2 4 5 6 7 8 9
4 5 6 7 8 9 3 1 2
7 8 9 3 1 2 4 5 6
2 4 5 6 7 8 9 3 1
9 3 1 2 4 5 6 7 8
6 7 8 9 3 1 2 4 5
1 2 4 5 6 7 8 9 3
8 9 3 1 2 4 5 6 7
5 6 7 8 9 3 1 2 4

3 1 2 4 5 6 7 8 9
4 5 6 7 8 9 3 1 2
7 8 9 3 1 2 4 5 6
2 4 5 6 7 8 9 3 1
9 3 1 2 4 5 6 7 8
6 7 8 9 3 1 2 4 5
5 6 7 8 9 3 1 2 4
1 2 4 5 6 7 8 9 3
8 9 3 1 2 4 5 6 7

3 1 2 4 5 6 7 8 9
4 5 6 7 8 9 3 1 2
7 8 9 3 1 2 4 5 6
2 4 5 6 7 8 9 3 1
9 3 1 2 4 5 6 7 8
6 7 8 9 3 1 2 4 5
5 6 7 8 9 3 1 2 4
8 9 3 1 2 4 5 6 7
1 2 4 5 6 7 8 9 3

3 1 2 4 5 6 7 8 9
4 5 6 7 8 9 3 1 2
7 8 9 3 1 2 4 5 6
2 4 5 6 7 8 9 3 1
9 3 1 2 4 5 6 7 8
6 7 8 9 3 1 2 4 5
8 9 3 1 2 4 5 6 7
1 2 4 5 6 7 8 9 3
5 6 7 8 9 3 1 2 4

3 1 2 4 5 6 7 8 9
4 5 6 7 8 9 3 1 2
7 8 9 3 1 2 4 5 6
2 4 5 6 7 8 9 3 1
9 3 1 2 4 5 6 7 8
6 7 8 9 3 1 2 4 5
8 9 3 1 2 4 5 6 7
5 6 7 8 9 3 1 2 4
1 2 4 5 6 7 8 9 3

3 1 2 4 5 6 7 8 9
4 5 6 7 8 9 3 1 2
7 8 9 3 1 2 4 5 6
6 7 8 9 3 1 2 4 5
2 4 5 6 7 8 9 3 1
9 3 1 2 4 5 6 7 8
1 2 4 5 6 7 8 9 3
5 6 7 8 9 3 1 2 4
8 9 3 1 2 4 5 6 7

3 1 2 4 5 6 7 8 9
4 5 6 7 8 9 3 1 2
7 8 9 3 1 2 4 5 6
6 7 8 9 3 1 2 4 5
2 4 5 6 7 8 9 3 1
9 3 1 2 4 5 6 7 8
1 2 4 5 6 7 8 9 3
8 9 3 1 2 4 5 6 7
5 6 7 8 9 3 1 2 4

3 1 2 4 5 6 7 8 9
4 5 6 7 8 9 3 1 2
7 8 9 3 1 2 4 5 6
6 7 8 9 3 1 2 4 5
2 4 5 6 7 8 9 3 1
9 3 1 2 4 5 6 7 8
5 6 7 8 9 3 1 2 4
1 2 4 5 6 7 8 9 3
8 9 3 1 2 4 5 6 7

3 1 2 4 5 6 7 8 9
4 5 6 7 8 9 3 1 2
7 8 9 3 1 2 4 5 6
6 7 8 9 3 1 2 4 5
2 4 5 6 7 8 9 3 1
9 3 1 2 4 5 6 7 8
5 6 7 8 9 3 1 2 4
8 9 3 1 2 4 5 6 7
1 2 4 5 6 7 8 9 3

3 1 2 4 5 6 7 8 9
4 5 6 7 8 9 3 1 2
7 8 9 3 1 2 4 5 6
6 7 8 9 3 1 2 4 5
2 4 5 6 7 8 9 3 1
9 3 1 2 4 5 6 7 8
8 9 3 1 2 4 5 6 7
1 2 4 5 6 7 8 9 3
5 6 7 8 9 3 1 2 4

3 1 2 4 5 6 7 8 9
4 5 6 7 8 9 3 1 2
7 8 9 3 1 2 4 5 6
6 7 8 9 3 1 2 4 5
2 4 5 6 7 8 9 3 1
9 3 1 2 4 5 6 7 8
8 9 3 1 2 4 5 6 7
5 6 7 8 9 3 1 2 4
1 2 4 5 6 7 8 9 3

3 1 2 4 5 6 7 8 9
4 5 6 7 8 9 3 1 2
7 8 9 3 1 2 4 5 6
6 7 8 9 3 1 2 4 5
9 3 1 2 4 5 6 7 8
2 4 5 6 7 8 9 3 1
1 2 4 5 6 7 8 9 3
5 6 7 8 9 3 1 2 4
8 9 3 1 2 4 5 6 7

3 1 2 4 5 6 7 8 9
4 5 6 7 8 9 3 1 2
7 8 9 3 1 2 4 5 6
6 7 8 9 3 1 2 4 5
9 3 1 2 4 5 6 7 8
2 4 5 6 7 8 9 3 1
1 2 4 5 6 7 8 9 3
8 9 3 1 2 4 5 6 7
5 6 7 8 9 3 1 2 4


